0	9	2
0	346	1
2	424	-2
2	177	-1
4	614	-4
6	36	-1
7	543	-1
7	198	7
8	355	-1
9	181	-1
12	498	3
13	412	-1
13	615	-1
13	89	-1
14	44	-1
14	601	-1
14	544	2
14	525	3
14	344	-1
14	244	-1
17	212	1
17	397	-1
19	247	2
19	102	-1
19	369	-1
19	476	-1
19	499	1
19	64	2
19	522	-1
19	346	-1
19	608	-2
19	410	-1
19	309	-2
21	106	3
21	203	1
21	59	8
21	330	-1
21	441	5
21	452	0
21	567	-2
21	118	-1
21	36	1
21	451	-1
21	38	-1
21	509	-1
21	375	1
21	44	-2
21	183	-3
21	332	-1
21	616	-1
21	240	-1
21	19	1
21	499	1
21	168	-1
21	172	1
22	290	1
23	264	1
24	522	-1
27	305	-1
28	439	-2
29	384	-1
29	273	-1
29	536	-2
31	41	-1
31	367	-5
31	511	-1
31	141	5
31	565	5
31	264	-9
31	571	-3
31	187	-1
31	495	-1
31	97	-1
31	515	-2
31	205	2
31	104	2
31	562	-3
31	158	1
31	202	-2
31	215	3
31	307	-3
31	424	-2
31	5	-1
31	292	1
31	127	-2
31	218	-1
31	559	2
31	209	-2
31	384	2
31	563	-2
31	89	-2
31	594	-1
33	457	-2
33	563	-2
34	133	-1
35	540	1
36	351	1
37	38	1
37	3	-1
37	247	-1
37	301	5
37	268	-2
37	168	-2
37	250	-4
37	273	-2
37	216	-1
37	480	1
37	476	14
37	44	-1
37	465	-1
37	353	2
37	531	-2
37	257	-3
37	282	1
37	581	-2
37	288	-2
37	287	-2
37	240	-5
37	106	7
38	177	1
39	346	-1
40	44	1
41	567	-1
41	183	-1
41	273	-1
41	525	-2
41	44	-1
42	304	-1
42	89	1
42	300	-1
42	581	-1
42	301	3
44	475	1
44	574	-1
44	476	1
45	44	4
45	399	2
46	456	2
47	261	-1
47	384	-1
48	40	2
48	109	-2
50	43	2
51	608	1
51	236	1
51	205	-1
51	64	1
53	449	-2
53	421	-1
54	243	3
55	355	-1
55	412	-1
56	476	1
57	438	1
58	142	-1
58	295	-1
58	614	-2
58	580	-1
58	144	3
58	239	-2
58	367	2
58	314	-2
58	276	1
58	456	-2
58	155	-2
58	492	-2
58	521	-1
58	104	2
59	446	-1
59	441	2
62	605	-1
62	160	-1
62	478	-2
64	566	1
64	498	1
64	240	-1
64	110	-1
64	38	-1
64	372	4
64	106	-2
64	89	-1
65	475	-3
66	92	2
68	191	4
68	177	-1
68	292	1
68	250	8
68	179	-1
69	522	2
70	212	1
72	412	1
72	155	-1
72	285	-1
72	86	3
72	389	3
72	615	2
72	183	-1
72	153	-3
72	477	-1
72	239	2
74	397	-1
74	314	-1
75	498	1
75	229	-1
76	190	-3
76	386	-1
77	6	2
77	39	-1
78	239	3
78	141	-2
80	475	1
82	43	2
82	36	-7
82	135	-3
82	410	-1
82	60	-1
82	580	-1
82	273	-1
82	183	-3
82	254	-1
82	199	2
82	384	-2
83	18	1
83	593	-1
83	414	1
83	8	2
83	244	-1
85	540	1
88	346	-1
88	423	-1
89	264	1
89	215	1
89	343	-1
89	162	-1
90	472	-1
91	246	-1
91	558	2
91	493	3
91	560	7
91	444	-1
91	367	-1
92	201	-6
92	449	-3
93	401	1
94	36	-1
95	39	-4
96	372	-1
98	209	-2
99	233	1
99	205	-1
99	106	2
100	106	-1
100	476	-1
100	606	-1
100	393	-2
100	346	1
102	367	-1
104	57	1
104	422	3
104	7	-3
105	511	-1
105	225	-4
105	256	-1
105	384	2
105	515	-1
105	274	-1
108	281	-1
110	184	-3
111	22	-1
114	22	-1
115	63	-1
115	476	2
115	543	-1
115	438	2
116	292	-1
116	605	-1
116	307	-1
116	511	-1
116	384	-1
116	213	-3
116	355	-1
116	101	-1
116	563	-1
117	273	-4
117	254	-1
117	601	-1
117	536	5
117	456	-1
117	384	1
118	215	2
118	162	-1
118	187	-2
118	97	-1
118	458	-1
118	264	2
121	247	-2
121	250	-1
122	33	-1
123	118	2
124	39	1
125	66	-2
125	580	-1
125	31	-6
125	2	-1
125	573	-1
126	395	-2
127	538	-1
127	416	-2
127	548	-2
127	32	-2
127	598	-2
129	392	3
130	167	2
133	445	1
133	32	-1
133	140	1
133	113	1
133	334	1
133	374	1
134	342	-1
134	441	-1
134	295	-1
135	202	-1
135	518	-1
136	179	-1
137	582	1
137	199	-3
137	489	1
137	350	-3
138	438	1
138	183	-1
138	476	6
140	601	-3
140	536	-2
140	344	-1
140	384	-2
140	213	-1
140	367	-1
141	206	-2
142	225	1
143	102	1
144	393	1
145	554	-1
145	393	-1
145	456	6
145	543	-1
146	382	-2
146	401	-1
146	114	-1
146	487	-1
146	617	-2
147	236	-1
147	57	1
147	424	-1
148	43	1
148	292	2
149	601	-1
151	268	-1
152	101	1
152	213	-3
153	101	-2
153	213	-3
154	397	-1
154	314	-1
155	384	-1
155	95	1
155	533	-1
155	225	-1
156	496	-1
156	39	6
157	41	-1
162	466	-1
162	105	1
162	268	-1
165	264	6
165	563	3
165	160	-1
165	345	-2
165	478	1
168	439	-4
168	302	-1
168	528	-1
168	169	-1
170	340	-1
171	563	-3
172	264	-1
174	600	-1
175	36	2
176	542	-1
176	423	1
176	97	-1
176	17	1
176	606	-1
176	346	1
177	239	-1
178	301	0
178	247	-1
178	297	-2
180	588	1
180	141	-2
180	215	-1
180	173	3
180	89	-1
181	506	-1
181	349	-1
183	102	1
183	522	-1
185	384	-7
185	536	-4
185	266	-1
186	303	-2
186	395	-3
186	11	-1
189	559	-1
190	264	-1
191	559	-1
192	506	1
194	505	1
194	454	-1
195	475	1
196	209	-1
196	66	-1
197	292	-3
199	593	3
200	476	2
200	507	2
200	535	-1
202	475	-3
203	385	-1
204	202	-1
206	454	-1
207	229	1
211	349	-1
212	543	1
212	75	-1
213	202	2
214	573	-1
214	456	-4
214	31	-3
214	580	-1
215	48	-5
215	169	-1
217	367	-1
217	205	2
217	565	-1
218	518	1
220	66	-1
220	209	-1
222	245	-1
222	180	-1
222	554	-1
222	467	2
224	105	-2
225	346	-1
226	236	-1
227	205	1
227	102	-2
229	605	-2
230	482	-1
230	373	-1
230	605	-1
230	563	-1
231	385	1
232	493	1
232	43	-2
233	440	-2
233	318	-1
233	32	1
234	157	-1
234	60	1
234	525	1
237	489	3
237	582	2
237	571	3
237	106	1
237	580	-1
237	576	1
238	543	1
239	94	1
239	55	-1
239	165	-1
239	226	-1
241	547	2
241	225	-2
241	613	1
241	105	2
242	249	-1
243	429	-3
243	617	-1
243	114	-3
244	239	1
244	264	-1
245	236	1
245	250	6
246	590	2
246	190	4
246	313	10
246	13	2
246	222	-1
246	239	2
246	491	-3
246	205	4
246	398	-3
246	543	1
246	503	-3
246	49	2
246	554	-1
246	86	-1
246	520	-1
246	72	-1
246	142	2
246	280	5
246	97	-2
246	615	-1
246	179	-1
247	444	-1
247	264	-2
247	127	-1
247	104	-1
247	384	-1
247	119	3
247	367	-3
247	98	-1
247	307	-1
247	565	-2
247	559	-1
248	206	1
249	498	-1
249	561	-1
250	389	2
250	248	-1
251	384	1
251	36	0
251	60	2
251	183	-2
251	268	-2
251	142	-2
251	601	-1
251	457	-1
251	511	-1
251	563	-1
251	250	-1
252	540	1
254	456	-1
258	566	1
258	229	1
260	234	-1
261	476	-1
261	561	-1
262	346	-1
264	212	1
265	367	1
265	66	-1
266	448	3
266	89	-5
266	250	-3
266	530	2
267	201	-1
269	264	-4
269	482	1
269	588	1
269	36	1
269	135	-1
270	279	1
270	557	2
270	319	-1
270	268	-1
270	307	1
270	384	-1
271	577	-3
272	386	-1
272	313	-3
272	563	-1
272	248	-4
272	491	1
272	498	4
272	160	-1
272	210	1
272	356	-3
272	127	-5
272	367	7
272	238	-2
272	299	-1
272	346	1
272	571	-2
272	36	-1
272	120	-2
272	141	8
272	159	-2
272	596	-3
272	423	1
272	89	2
272	231	-1
272	84	-2
272	112	-4
272	200	-1
272	495	-2
273	610	2
273	44	4
273	68	-1
275	394	2
275	602	2
277	213	-1
277	116	-1
277	241	-1
277	344	-3
278	192	-1
281	307	-1
281	563	1
281	404	1
281	393	-1
281	456	-1
281	424	-1
282	595	1
282	413	-1
283	479	1
287	39	-2
289	522	-1
289	23	3
289	575	1
289	349	-1
289	498	1
290	191	-1
292	346	-1
294	54	-2
295	476	2
297	525	-4
298	443	-1
299	362	1
299	22	-1
300	476	-2
300	112	-1
300	9	-2
300	202	-1
300	615	-2
300	264	4
300	346	1
300	344	-4
300	245	-1
300	561	-1
300	580	-1
302	292	-3
302	476	-1
304	202	3
305	492	-1
306	583	-1
307	153	7
307	288	-1
307	615	-4
307	441	-1
307	183	-2
307	522	-1
307	465	-1
307	102	1
308	578	1
308	591	-1
308	150	-1
308	452	2
308	172	-1
309	327	-1
310	92	-1
311	482	1
312	340	-2
314	441	1
314	149	-1
315	264	1
316	565	-1
316	158	-1
319	121	-2
319	343	-1
319	542	-2
319	89	2
319	594	-1
319	209	-2
319	162	-1
319	215	5
319	98	-1
319	264	4
319	565	14
322	441	1
323	268	-1
324	118	-1
327	476	4
327	106	-1
327	448	-1
327	405	2
328	518	1
329	493	1
329	560	1
329	498	1
329	385	1
330	39	-1
332	505	-3
333	527	-1
333	145	-1
333	89	-2
336	233	-2
336	125	-2
337	92	-1
338	449	-2
338	88	-1
338	612	-1
339	429	-3
339	114	-3
340	505	-1
340	401	2
343	10	-1
344	448	-1
344	409	-1
344	345	-4
344	198	-4
344	431	-2
344	554	-1
344	525	-1
344	183	-2
344	543	-11
344	405	-2
346	22	-1
348	307	-1
349	456	-2
355	346	-1
355	423	-1
356	346	-2
358	239	1
359	424	-1
360	486	1
361	413	-1
361	595	-1
362	452	-3
362	350	-1
362	59	-3
362	525	5
365	540	1
366	523	-2
366	281	-1
367	63	-1
367	44	-1
367	475	-1
367	476	-2
367	36	-1
367	92	-1
370	449	-3
370	388	2
371	102	-1
371	533	-1
371	225	4
373	505	4
373	65	-1
375	57	-1
376	256	-1
376	562	-1
377	367	6
377	261	-1
377	348	-1
377	104	7
378	441	3
378	342	-2
379	397	-2
379	314	-2
379	239	-3
380	221	1
381	449	-1
382	449	-1
382	29	-1
383	592	2
383	223	2
384	229	1
384	36	-1
385	185	-1
386	437	-1
386	39	-1
386	364	-1
386	194	1
388	210	-1
388	397	-2
388	314	-2
388	244	-6
388	317	-7
388	142	1
389	309	-1
390	202	-1
391	202	1
392	371	-3
392	250	1
392	252	-1
392	116	2
392	138	-2
392	384	-1
393	486	-4
394	412	3
395	348	-1
395	261	-1
395	384	-2
395	385	2
395	393	-2
396	600	-1
397	320	1
397	577	1
398	519	-1
398	262	-1
399	96	-3
399	71	-2
399	500	-1
399	260	-1
399	445	-1
399	483	-1
399	87	-1
401	441	5
401	239	-1
401	525	2
402	142	-1
403	384	-4
403	536	-3
405	131	-1
407	551	-3
407	476	4
407	265	5
407	491	-2
407	346	-1
407	142	-4
407	594	-1
407	566	-1
407	615	8
408	402	-1
408	175	-1
408	20	1
408	436	-2
408	380	-3
408	71	-3
408	445	-1
408	90	-1
409	343	-1
409	542	-1
409	162	-1
409	215	1
412	459	-1
412	104	-1
412	195	1
413	60	-3
413	543	15
413	157	-1
413	578	3
413	525	3
413	183	-2
413	273	-3
413	75	3
413	431	-2
414	479	1
416	280	-2
416	190	1
416	611	-1
416	484	-1
416	588	-1
417	610	2
418	281	-1
419	588	5
420	314	-1
420	397	-1
423	274	-1
424	257	-1
424	146	3
425	355	-1
425	373	1
426	168	-1
431	202	-2
431	478	-1
431	205	-2
431	264	1
432	104	-1
433	155	-1
433	476	-1
434	229	-3
435	511	-2
435	307	-2
435	278	-2
435	27	-1
435	132	-1
435	138	-2
435	497	-1
435	563	-3
435	536	-1
435	160	-1
435	384	-4
436	381	1
436	87	1
436	416	-1
436	425	1
439	89	-2
439	83	1
440	559	2
443	346	-1
446	525	-1
447	22	-1
448	588	-4
448	118	-1
449	476	-2
450	142	-1
450	317	-4
450	397	-2
450	244	-2
450	314	-2
451	209	-5
452	157	3
453	345	-5
453	183	-1
454	58	1
455	250	-4
455	489	-1
455	587	-5
455	43	6
455	89	5
455	109	6
455	499	1
455	574	1
456	389	1
457	160	-1
457	102	-1
457	158	-3
457	563	-1
457	489	-1
457	142	-2
457	322	-1
458	264	-2
459	9	-2
460	504	1
460	481	-1
460	235	-2
460	505	4
462	397	-1
462	314	-1
462	239	-2
462	141	-1
463	155	-1
464	77	1
465	367	-1
465	43	-1
465	501	-1
465	536	-3
465	278	-1
465	371	-1
465	221	-1
465	116	-2
465	559	-1
465	511	-1
465	179	-1
465	307	-1
465	264	-4
465	163	-1
465	108	-1
465	292	-1
465	399	-2
465	4	-1
465	384	-6
465	206	-3
465	595	-1
465	410	-1
465	252	-1
465	518	-3
465	104	-1
465	225	-2
465	476	-3
465	138	-2
467	185	-1
468	588	1
470	491	1
470	398	-1
471	505	-1
472	2	-1
472	456	-1
472	606	-1
473	202	-2
475	540	1
475	68	-1
475	14	-1
475	417	-1
475	77	1
477	145	-1
477	89	-1
478	43	2
479	149	-1
479	498	2
480	543	-1
480	44	-1
480	525	-4
480	544	-1
481	491	-1
481	86	-1
481	452	3
482	309	-1
482	89	1
483	9	-1
484	389	1
484	319	-1
484	462	-2
484	68	-2
484	43	2
484	346	-1
484	384	-1
485	260	2
486	435	-1
486	50	-1
491	389	-1
492	155	-4
492	614	-4
492	276	6
493	313	-1
493	359	-1
494	130	-3
496	242	-1
496	467	-1
496	155	-1
496	127	-1
496	248	-1
496	212	1
496	475	1
496	234	3
496	210	-1
497	577	-1
499	121	-1
499	407	-1
499	268	-1
499	367	1
499	264	-1
500	239	-1
500	480	-2
503	10	1
504	600	1
505	498	-1
506	3	-1
506	43	-1
506	353	-1
506	44	-1
507	205	-1
508	603	-1
508	499	4
508	418	1
508	56	2
508	240	-1
508	288	2
510	348	-1
510	274	-1
510	256	3
510	173	1
510	515	3
510	546	-1
510	384	-2
510	89	-2
510	459	-1
510	104	-1
510	63	-1
510	195	1
510	43	2
510	261	-1
511	199	-4
511	109	-2
511	489	1
511	350	-5
513	588	-1
516	73	-3
517	543	-1
517	554	-1
517	9	-2
517	498	-1
517	566	-1
517	106	-1
517	240	-1
517	264	-2
518	346	1
519	147	1
519	34	-2
519	434	1
519	263	2
520	239	2
520	472	-4
521	310	-1
521	253	-1
521	455	-1
521	463	-1
524	349	-1
526	104	-1
526	457	-1
527	346	1
528	454	-1
528	192	-1
529	280	-1
529	205	-1
529	102	-1
529	54	-1
529	406	2
530	250	0
530	529	-1
530	205	2
530	280	3
530	590	-1
530	212	-2
530	213	-1
530	482	1
530	2	-1
530	498	2
530	54	-3
530	558	3
530	207	-2
530	605	-1
530	370	-1
530	607	4
530	461	-2
531	498	1
533	183	-1
533	581	-2
533	503	-1
533	157	1
533	224	-1
533	268	-1
534	355	-3
537	472	-1
537	17	-1
537	394	-1
537	412	-1
537	36	-1
537	389	-2
537	477	-1
537	566	-1
540	106	2
541	383	-1
541	594	-1
544	299	3
544	506	-2
547	269	1
547	502	2
547	296	1
547	378	1
548	581	-1
550	546	1
550	54	3
550	195	-1
550	213	1
550	456	1
550	119	1
550	104	1
550	367	1
550	133	-1
550	459	1
551	16	2
551	277	-1
551	468	-1
551	46	-3
553	482	1
554	261	-1
554	367	6
554	606	-1
554	561	-1
554	104	-1
554	348	-1
554	33	3
554	517	-1
554	385	2
558	301	1
558	426	2
558	49	-1
558	118	-2
560	95	-1
562	349	2
563	65	-1
563	505	-1
565	100	2
566	449	-3
567	606	1
567	205	1
570	371	-1
570	138	-1
570	221	-1
570	116	-2
570	202	-1
570	577	-3
570	54	-1
573	441	1
575	205	2
575	202	2
575	264	2
577	604	-3
579	183	-1
579	476	-1
579	59	-1
579	146	-1
582	250	1
583	320	-1
585	274	-1
586	206	1
587	410	-3
587	44	-1
587	530	-4
588	502	-1
589	49	-3
589	476	-1
589	9	-1
589	606	-2
589	456	-2
591	179	-1
593	389	3
593	586	2
595	213	-1
599	202	-1
600	102	-1
600	244	-1
600	608	-1
600	64	-1
600	544	2
600	183	-1
603	327	1
604	508	-1
606	607	-1
607	384	-1
607	307	-1
610	30	-1
611	525	-3
612	268	-1
612	343	-1
612	542	-1
612	98	-2
612	127	-2
612	565	-1
612	264	1
612	41	-1
612	215	4
612	162	-1
614	615	1
617	449	-1
619	119	2
620	256	1
620	562	1
620	205	2
620	407	2
620	202	2
620	565	-2
620	54	2
620	559	3
621	250	1
623	205	-2
623	202	2
623	264	-2
624	393	5
626	580	-1
626	534	4
626	246	-1
626	489	-3
628	399	2
629	476	-1
629	146	1
629	183	-1
630	540	1
631	577	-1
632	155	-2
633	352	1
633	358	1
633	357	1
633	563	2
634	477	-1
634	276	1
635	42	1
635	199	1
635	495	1
635	580	-5
636	63	-1
636	173	-2
638	449	-4
638	201	-2
638	131	-1
640	292	-1
642	313	1
643	97	-1
643	542	-1
644	63	-1
646	349	-1
647	184	-1
647	424	1
648	525	-1
648	423	-1
648	346	-1
649	534	-2
651	610	-1
651	256	-1
652	43	1
653	264	1
653	187	-1
