0	01254
1	01276
2	0990
3	070
4	0899
5	0492
6	01434
7	0917
8	0552
9	0595
10	0449
11	0205
12	0505
13	01233
14	01119
15	012
16	0824
17	0243
18	0622
19	0250
20	0255
21	0564
22	049
23	0833
24	0252
25	0427
26	0195
27	01397
28	0802
29	01108
30	0568
31	0401
32	0582
33	01326
34	0963
35	01085
36	01009
37	071
38	0459
39	01019
40	0153
41	0540
42	0136
43	0112
44	01353
45	0771
46	01175
47	01318
48	01302
49	0524
50	0997
51	0486
52	017
53	0414
54	0497
55	01232
56	028
57	0573
58	053
59	01419
60	0615
61	0349
62	01095
63	050
64	0406
65	0651
66	0536
67	0473
68	0288
69	0248
70	0244
71	00
72	0192
73	092
74	01315
75	0773
76	01204
77	01431
78	01161
79	0545
80	0656
81	0218
82	01338
83	0324
84	0382
85	01088
86	0465
87	0373
88	0428
89	0661
90	01308
91	0215
92	01007
93	0688
94	0890
95	01215
96	0956
97	0467
98	01222
99	01229
100	0155
101	0374
102	0433
103	0358
104	0945
105	0623
106	0276
107	054
108	0978
109	0313
110	0665
111	0566
112	080
113	0226
114	0590
115	01155
116	01412
117	01398
118	0658
119	0549
120	0670
121	01063
122	081
123	0785
124	01382
125	0172
126	0493
127	0739
128	0217
129	0228
130	0648
131	0400
132	07
133	0292
134	0750
135	01183
136	0992
137	0258
138	0544
139	0663
140	0199
141	0106
142	01053
143	0925
144	0761
145	01194
146	0278
147	0991
148	01347
149	01373
150	0147
151	0518
152	01415
153	0905
154	01317
155	0611
156	01260
157	0836
158	011
159	0457
160	0287
161	01084
162	0516
163	0594
164	01047
165	01343
166	0667
167	01306
168	0798
169	0528
170	0642
171	01282
172	0638
173	0129
174	01358
175	0891
176	0426
177	0194
178	01209
179	0508
180	020
181	0937
182	0257
183	0926
184	037
185	01112
186	01210
187	0453
188	0111
189	0481
190	0637
191	0101
192	0939
193	0602
194	01124
195	0655
196	0585
197	0588
198	0674
199	0322
200	0710
201	0378
202	0650
203	0961
204	0346
205	0454
206	01129
207	0598
208	0501
209	0397
210	0490
211	044
212	01154
213	01001
214	0174
215	01374
216	0488
217	01200
218	01184
219	0293
220	0586
221	0601
222	01296
223	039
224	0693
225	0283
226	0484
227	0870
228	0614
229	0629
230	01099
231	0960
232	01146
233	0795
234	033
235	0221
236	0437
237	01275
238	01156
239	01196
240	0664
241	01054
242	0521
243	0160
244	0830
245	0277
246	065
247	0831
248	0105
249	0503
250	01248
251	01331
252	01089
253	0270
254	01178
255	0138
256	0122
257	0512
258	01015
259	0237
260	0579
261	027
262	0430
263	0364
264	0245
265	01167
266	0851
267	01113
268	0128
269	01334
270	0338
271	0840
272	019
273	0541
274	0652
275	0783
276	08
277	0196
278	01130
279	0510
280	0352
281	01174
282	0679
283	01251
284	0599
285	0154
286	0156
287	01190
288	0494
289	0774
290	01056
291	0434
292	01018
293	0169
294	0967
295	0712
296	0423
297	0804
298	0393
299	01142
300	01280
301	0519
302	0752
303	01399
304	0343
305	0333
306	0235
307	0721
308	0929
309	0208
310	0534
311	01335
312	0640
313	0340
314	01059
315	0832
316	01270
317	0220
318	0131
319	018
320	0633
321	0366
322	01057
323	0514
324	0786
325	078
326	0171
327	0999
328	01185
329	0214
330	0450
331	0593
332	0871
333	0416
334	0230
335	0298
336	0314
337	0538
338	0950
339	0158
340	0690
341	0639
342	0659
343	0697
344	0669
345	01064
346	01169
347	0577
348	0291
349	01177
350	0198
351	0671
352	0261
353	073
354	0554
355	0429
356	01277
357	0299
358	0193
359	0989
360	0439
361	0680
362	0808
363	0336
364	0146
365	01086
366	0114
367	01257
368	0551
369	074
370	0233
371	0644
372	0660
373	056
374	0668
375	0942
376	01430
377	0731
378	0746
379	0295
380	01352
381	0452
382	01217
383	01002
384	0888
385	0482
386	01256
387	0191
388	052
389	01171
390	0356
391	0857
392	0371
393	0436
394	01234
395	0279
396	01363
397	0842
398	0236
399	01160
400	0530
401	0190
402	0107
403	01107
404	038
405	01110
406	0619
407	0306
408	01310
409	0662
410	0570
411	0589
412	01149
413	01425
414	01252
415	0435
416	01207
417	0380
418	01403
419	01381
420	01316
421	0137
422	0161
423	0677
424	01345
425	01096
426	01139
427	0681
428	0391
429	0448
430	0164
431	0856
432	01136
433	0307
434	0597
435	0411
436	0855
437	0268
438	0462
439	0405
440	0479
441	075
442	0626
443	0163
444	0560
445	0546
446	01364
447	0567
448	0789
449	01355
450	01314
451	014
452	030
453	0820
454	0500
455	01368
456	0947
457	0522
458	01283
459	0909
460	0873
461	0392
462	0296
463	0334
464	01082
465	040
466	0272
467	0274
468	0922
469	0440
470	0569
471	0881
472	01125
473	01390
474	0444
475	01090
476	0689
477	0419
478	0995
479	0975
480	0542
481	0442
482	0632
483	0911
484	0385
485	0489
486	01354
487	0127
488	0550
489	023
490	0612
491	0946
492	0727
493	0301
494	0846
495	0441
496	0720
497	0841
498	0694
499	01031
500	0695
501	0609
502	0686
503	0698
504	01359
505	062
506	072
507	0148
508	01357
509	0266
510	016
511	0263
512	0506
513	01379
514	059
515	0275
516	01418
517	0271
518	01017
519	01325
520	01305
521	01391
522	0625
523	0370
524	048
525	0487
526	01134
527	01279
528	01127
529	01104
530	055
531	0775
532	0605
533	01273
534	0555
535	0591
536	0372
537	01012
538	0901
539	0282
540	0256
541	01304
542	0910
543	0247
544	0940
545	05
546	0565
547	0982
548	0764
549	0583
550	01176
551	0849
552	0179
553	01333
554	01320
555	0627
556	0424
557	0620
558	01226
559	0108
560	0610
561	0224
562	047
563	058
564	0213
565	0445
566	01180
567	0316
568	0643
569	0603
570	01349
571	0368
572	0472
573	088
574	0692
575	0744
576	0558
577	0478
578	090
579	01072
580	0592
581	0335
582	01044
583	01051
584	0363
585	0678
586	0104
587	01408
588	01287
589	01123
590	0562
591	0993
592	0443
593	0898
594	0231
595	01414
596	0219
597	02
598	0178
599	0348
600	01158
601	0265
602	0631
603	0209
604	0556
605	0353
606	0329
607	0339
608	0535
609	0357
610	0683
611	01026
612	0834
613	0703
614	0724
615	0596
616	0461
617	0948
618	0360
619	095
620	098
621	01043
622	0323
623	0735
624	01421
625	0145
626	01241
627	077
628	0972
629	0758
630	01087
631	0843
632	01395
633	0241
634	0779
635	01024
636	0117
637	0557
638	0168
639	0628
640	0754
641	0315
642	067
643	01132
644	01261
645	0532
646	045
647	0666
648	01027
649	01240
650	0399
651	0381
652	0998
653	0896
