0	326	1
1	117	1
1	71	1
2	326	1
3	326	0
4	132	1
4	349	1
5	326	3
6	237	1
6	326	-1
7	347	1
7	164	1
8	47	1
9	406	1
9	13	1
9	258	-1
10	206	1
10	330	1
11	326	2
13	201	1
15	326	4
15	280	2
15	164	1
16	326	1
16	241	1
17	37	-1
18	326	3
19	326	1
20	13	1
21	105	1
22	326	1
23	394	1
23	326	1
24	326	1
24	90	2
25	266	1
26	339	1
26	224	2
26	18	1
26	314	1
26	71	1
27	326	1
28	164	1
32	330	1
32	196	1
32	314	1
33	71	2
34	280	3
34	326	5
35	365	-1
35	330	1
35	142	2
36	76	2
37	255	1
39	326	14
39	139	1
39	87	1
41	139	1
44	255	1
44	330	1
44	315	1
45	326	1
46	40	1
47	164	1
48	326	1
49	37	1
50	326	1
51	197	2
52	201	1
52	402	1
52	323	1
53	326	2
54	280	1
54	99	1
56	326	1
57	139	1
59	312	1
60	87	1
60	356	1
61	233	1
61	313	1
64	326	1
65	326	1
66	314	1
68	71	4
69	87	1
71	326	2
72	234	1
72	109	2
73	326	4
76	197	1
77	314	1
79	240	1
80	326	10
81	13	2
82	312	1
83	139	1
85	305	2
85	234	1
86	206	1
87	326	3
88	326	3
88	40	1
90	194	-1
90	324	-1
91	30	1
92	30	1
93	326	2
94	188	1
95	99	1
96	335	1
96	164	2
97	326	-1
98	314	1
99	224	1
101	326	1
103	132	1
104	255	1
105	164	1
107	326	7
108	99	2
109	404	1
110	164	1
111	3	1
112	164	1
113	312	0
114	75	1
115	326	1
116	30	1
117	143	1
118	234	1
118	326	2
120	99	1
121	206	1
122	11	1
123	13	1
124	326	1
125	352	1
127	143	1
127	247	1
127	301	1
127	392	1
128	326	1
129	206	1
130	87	1
130	280	1
130	326	10
131	330	1
135	326	1
136	326	1
137	240	1
138	87	1
138	312	1
140	353	-1
142	326	1
144	188	2
145	347	1
145	206	1
145	164	1
146	275	1
149	280	1
150	326	1
151	326	1
152	323	2
152	287	3
152	255	3
152	164	1
153	87	1
154	326	1
155	326	1
157	326	1
159	280	2
159	155	-1
159	326	1
161	31	2
162	305	1
163	273	1
163	90	1
163	206	1
164	314	1
164	257	1
164	49	1
165	57	1
166	326	1
167	326	2
168	326	3
168	382	2
169	361	1
170	329	1
171	326	6
172	49	1
173	312	1
174	326	1
175	352	1
179	49	-1
180	326	1
183	314	-1
184	326	4
185	373	1
187	326	2
187	37	1
188	326	1
189	302	1
190	139	3
191	280	1
191	326	2
193	280	1
194	314	1
195	105	-1
196	61	1
198	326	-1
199	369	1
199	284	1
200	144	1
201	255	1
202	326	1
203	255	2
204	13	1
206	208	1
207	329	2
207	129	1
207	206	1
207	339	1
208	312	1
212	326	12
213	326	3
213	111	1
214	333	1
214	28	-1
214	272	1
214	164	1
215	326	1
216	376	2
216	294	1
216	259	1
217	330	1
217	255	1
217	139	1
218	326	4
219	326	1
220	326	1
221	312	1
225	326	1
226	326	2
227	326	3
228	39	2
229	5	1
232	326	4
234	71	-1
235	353	1
236	255	1
237	326	5
238	318	1
238	206	1
239	326	1
240	177	1
240	326	4
241	326	1
242	139	1
243	164	1
244	326	1
245	144	1
246	326	2
247	57	1
248	255	1
249	255	3
249	87	1
252	333	2
253	13	1
254	326	4
254	40	3
255	164	2
255	155	1
257	326	1
261	326	2
262	396	-1
262	164	-1
263	144	1
264	87	1
265	326	3
267	326	7
268	206	1
268	47	1
269	289	2
269	109	1
270	326	1
271	326	3
272	324	1
273	326	1
275	341	1
276	326	1
278	8	1
279	87	1
279	164	1
280	368	1
280	326	1
281	91	1
281	200	1
282	13	1
283	326	2
284	326	3
284	117	1
285	206	-1
287	326	-1
289	238	1
289	382	1
291	87	2
292	206	1
292	326	1
293	240	3
294	382	3
295	332	1
295	97	1
295	255	-1
296	319	1
297	266	1
297	49	-1
298	132	1
299	326	2
300	326	1
301	326	1
302	255	1
302	71	1
303	385	1
304	216	1
304	314	-1
305	326	4
306	105	1
307	326	1
308	11	1
309	26	1
309	169	1
310	356	1
310	326	6
311	47	1
312	326	-1
313	164	1
314	396	1
315	326	1
315	132	1
316	326	1
317	201	2
318	87	1
319	326	1
320	326	2
320	115	1
322	326	7
322	356	1
323	122	1
324	207	1
324	153	1
324	3	1
324	264	1
325	77	2
327	347	1
327	164	1
328	88	2
328	326	5
329	244	1
329	332	1
330	326	0
331	314	1
331	326	1
334	312	1
335	326	1
336	144	1
337	326	1
338	164	-1
339	326	1
340	190	1
341	326	1
343	109	1
343	13	2
343	326	1
343	408	1
344	164	1
347	326	3
349	164	1
350	326	3
350	270	2
350	87	1
351	326	0
352	326	2
353	85	1
353	326	2
353	57	2
354	379	1
355	164	1
356	318	1
356	71	1
357	91	-1
357	350	1
358	206	1
359	326	1
360	280	1
360	326	5
360	347	1
360	105	1
362	3	1
362	87	1
362	164	-1
362	139	1
363	371	1
364	326	1
366	90	1
367	326	1
368	255	1
368	206	1
368	164	-1
368	279	1
370	343	2
371	189	1
371	294	3
372	326	0
375	326	1
376	200	1
377	326	4
378	255	2
379	392	1
381	326	2
382	85	1
382	326	1
382	356	1
383	326	1
384	127	1
384	114	1
385	326	1
386	326	1
388	326	1
389	13	3
390	326	2
391	119	1
391	164	1
392	305	2
393	326	1
394	49	1
395	164	-1
396	4	1
397	85	2
397	326	1
398	347	1
398	47	2
398	255	1
399	326	2
400	5	1
402	71	1
402	255	1
403	326	3
405	18	1
406	115	1
406	56	1
407	30	1
408	99	1
409	164	1
409	49	-1
409	139	1
410	206	-1
411	326	1
414	60	1
414	396	1
415	322	3
415	206	1
415	326	3
416	132	1
417	326	1
418	151	1
421	164	1
421	5	1
422	326	7
422	356	1
423	326	8
424	305	1
424	109	1
425	258	1
425	30	2
425	361	2
425	87	4
425	294	1
425	373	1
425	376	1
426	97	1
428	206	1
428	66	1
429	255	1
430	5	1
433	326	2
435	255	2
436	206	1
436	244	0
436	404	1
436	408	1
438	75	3
438	206	1
439	18	1
440	326	1
441	11	1
441	99	1
441	223	-1
441	380	2
441	326	2
442	132	1
443	139	2
443	224	1
444	105	1
444	326	0
445	326	1
446	326	3
447	305	1
447	206	1
447	326	1
448	81	1
448	326	2
450	388	1
451	326	2
452	326	1
452	240	1
452	105	1
453	327	1
454	164	1
456	373	1
457	71	1
457	330	1
458	238	1
458	326	2
459	71	3
459	326	1
460	164	1
461	99	-1
461	326	-1
461	71	1
462	71	1
463	314	1
464	255	1
465	201	1
465	99	1
466	314	-1
467	283	1
467	49	1
468	221	1
470	262	1
471	110	1
471	188	1
472	200	1
473	326	1
474	326	1
476	267	1
477	264	1
478	326	1
478	100	1
480	312	-1
481	326	6
481	85	1
482	71	1
482	47	1
483	326	2
484	139	1
485	234	1
485	314	1
485	258	1
486	37	1
487	173	1
487	326	3
487	111	1
489	326	1
489	37	6
490	87	-1
491	233	-1
492	326	1
492	105	1
495	291	1
498	326	1
499	326	1
499	155	-1
499	318	1
502	326	1
503	343	1
503	305	1
504	326	1
505	37	1
506	47	1
506	87	-1
506	255	7
507	226	1
508	326	1
510	110	1
510	326	0
511	164	1
513	312	1
514	398	2
515	183	1
516	326	1
517	314	1
518	3	1
519	283	1
520	164	-1
521	89	1
522	240	1
524	164	1
525	326	5
526	37	1
526	326	3
527	326	1
531	87	1
531	314	2
531	330	2
532	47	1
533	248	1
533	200	1
534	164	2
535	353	-1
535	155	1
536	206	1
537	305	1
538	2	2
538	398	2
539	283	2
539	49	2
540	399	1
541	30	1
542	71	1
544	13	1
545	326	1
547	326	2
547	40	1
548	18	1
548	344	1
549	326	3
550	326	-1
552	164	2
553	99	1
555	373	1
555	258	1
555	255	1
555	305	1
557	255	1
558	86	1
558	159	-1
559	326	1
559	105	1
560	357	1
560	164	-1
561	326	1
562	305	2
562	13	1
562	88	1
563	255	1
563	164	1
563	22	1
563	294	-1
564	200	1
565	326	1
566	326	2
568	68	1
569	257	1
569	206	1
569	326	1
573	255	1
573	279	1
573	240	1
574	382	1
575	206	1
575	154	2
576	326	1
577	326	2
580	99	1
580	326	5
582	215	1
583	139	1
583	330	1
584	326	2
584	278	1
585	326	2
587	105	-1
588	255	1
588	294	1
589	125	1
590	105	1
591	142	1
592	258	1
592	314	1
592	206	1
593	361	1
593	77	1
594	326	1
597	255	-1
597	294	1
598	3	1
599	326	1
600	231	-1
601	326	1
602	326	5
604	326	3
605	5	1
606	87	1
607	203	1
608	259	1
608	376	1
608	338	1
609	164	1
610	62	2
610	326	1
611	206	1
613	155	-1
613	353	-1
615	326	2
615	37	1
616	13	1
617	326	1
618	105	1
622	326	1
623	320	1
624	206	1
625	164	1
627	326	3
629	99	1
631	326	-1
633	89	1
634	37	-1
635	3	1
636	196	1
636	244	1
637	381	1
638	87	1
639	47	1
639	74	1
639	326	2
640	71	1
641	9	1
641	132	1
642	326	1
643	332	1
644	326	1
645	314	1
646	258	1
646	269	1
646	164	1
646	6	1
647	326	1
648	164	1
649	260	1
649	326	3
650	305	2
650	326	1
651	18	1
652	326	2
653	55	1
653	326	1
653	164	1
654	322	2
654	326	1
654	286	1
654	379	1
655	255	1
655	305	1
656	326	1
658	164	1
658	255	1
658	103	1
660	234	-1
661	312	1
662	164	-1
663	164	1
665	326	1
667	330	1
668	71	1
668	351	1
669	13	1
670	206	1
670	326	7
671	99	1
672	333	1
673	373	1
674	71	1
674	314	1
675	255	0
675	47	3
675	347	-1
676	326	2
677	326	3
678	255	1
680	326	1
682	25	-1
683	312	7
683	99	1
684	268	1
684	326	3
686	326	1
687	326	1
688	206	1
689	125	1
689	71	1
691	312	3
692	326	-1
693	306	1
695	39	1
695	217	2
697	376	1
697	87	1
697	294	1
699	326	1
700	226	1
700	164	1
701	326	1
701	13	1
702	47	-1
703	30	1
704	314	1
705	164	1
706	326	4
707	264	1
707	305	2
707	207	1
707	3	1
707	153	2
707	274	1
708	326	1
709	120	1
710	315	1
710	330	1
711	206	1
711	164	1
711	326	1
712	140	2
713	167	1
714	206	1
714	326	2
714	57	1
715	206	1
716	5	4
719	326	1
720	25	1
721	99	1
721	326	1
722	354	1
722	108	1
722	267	1
723	391	1
723	3	1
724	326	3
725	37	1
725	103	1
725	326	1
725	3	1
726	280	1
727	105	1
727	326	5
728	164	1
728	350	1
729	3	1
730	310	1
731	326	1
732	349	1
732	255	1
733	169	1
733	350	1
734	164	-1
735	5	1
735	326	1
735	347	1
736	376	2
736	127	1
736	203	1
738	164	-1
741	326	1
742	36	1
742	386	1
742	326	3
744	49	1
744	142	1
745	326	1
745	87	2
746	164	2
747	142	1
748	294	1
749	326	1
750	164	1
751	312	1
752	353	-1
753	330	1
753	49	1
754	326	1
755	357	1
755	164	1
757	361	1
758	32	1
758	366	1
758	0	1
758	330	1
759	326	1
760	164	1
762	164	1
762	30	1
762	139	2
764	255	1
766	49	1
768	341	1
769	139	1
769	164	1
770	326	1
771	326	1
772	232	1
772	87	1
772	326	1
773	326	1
774	255	2
774	305	2
774	30	1
774	139	1
775	312	1
776	5	1
777	71	1
778	326	2
779	47	1
780	206	1
780	255	1
780	71	1
782	206	1
783	79	1
784	18	1
784	90	1
785	326	1
786	376	2
786	164	1
786	47	3
787	164	1
790	326	1
791	96	1
792	326	1
792	71	1
793	326	-1
794	322	1
794	326	1
794	290	1
794	314	1
794	328	1
794	330	1
795	268	1
795	87	2
796	63	1
797	326	3
798	71	2
799	314	2
802	326	13
805	85	1
805	326	2
806	326	0
807	132	1
807	164	2
807	343	1
807	3	1
807	272	1
807	234	1
808	326	3
809	28	1
809	132	1
810	320	-1
810	3	1
811	264	1
811	305	1
811	207	1
811	3	1
812	139	1
816	30	1
817	167	1
818	312	1
819	318	1
819	18	1
820	66	1
822	326	1
823	377	3
826	160	1
826	326	5
827	326	2
828	268	1
829	103	2
829	164	1
829	255	1
830	312	1
830	326	2
831	49	1
831	6	2
831	376	1
832	37	1
832	326	2
833	330	1
833	71	2
835	71	3
836	373	1
836	258	1
838	326	3
839	380	1
839	356	1
839	326	4
841	200	1
841	164	1
841	296	1
841	326	1
841	255	-1
842	87	1
843	40	2
843	37	1
843	326	11
844	326	5
844	280	1
845	326	2
846	326	2
846	255	1
846	151	2
847	164	1
847	326	1
847	206	1
848	13	-1
850	47	1
850	266	1
852	13	1
853	206	1
853	326	2
856	326	7
857	283	3
857	71	1
859	206	1
859	326	2
860	326	1
861	326	1
861	87	1
862	173	2
863	299	-1
863	279	1
866	30	-1
868	259	2
868	49	1
869	350	1
869	255	1
869	257	1
869	314	1
870	326	1
871	164	1
872	49	1
872	267	1
873	312	0
875	5	2
875	206	1
876	326	1
876	25	1
879	326	1
880	37	1
881	25	1
883	255	1
883	206	1
884	71	1
885	326	2
887	326	1
888	326	1
889	326	1
890	356	-1
890	30	0
891	255	-1
892	326	1
893	206	1
893	217	2
893	239	1
894	200	1
894	350	1
894	91	1
894	326	5
894	330	1
894	363	1
894	116	1
895	326	-1
895	4	1
896	356	1
897	99	-1
898	307	2
899	326	2
899	280	1
900	371	1
900	49	1
900	71	1
901	248	1
902	13	1
902	385	1
904	141	1
904	247	1
904	49	1
904	155	1
905	326	1
906	268	3
907	164	1
908	9	1
910	326	2
911	326	2
912	154	1
912	399	2
913	254	1
914	326	1
915	326	1
916	87	1
918	49	1
918	326	1
919	326	1
921	330	1
922	330	1
923	177	1
923	326	1
924	326	1
925	326	2
927	23	1
928	326	1
930	193	1
931	211	1
931	25	1
932	110	2
934	71	1
935	25	1
936	71	4
936	49	1
937	326	1
938	87	-1
938	164	1
938	347	1
940	71	1
940	314	1
940	224	1
941	283	1
942	326	1
943	155	1
943	164	1
943	220	1
943	261	1
945	314	2
945	149	1
945	71	1
945	258	1
945	53	1
945	247	1
947	262	1
948	356	1
949	123	1
949	326	2
950	206	1
951	229	1
952	136	1
952	87	1
952	335	3
952	388	2
952	332	1
953	167	1
954	201	1
955	326	1
956	184	1
956	326	2
957	56	1
958	70	1
958	326	5
959	3	1
960	306	1
960	326	1
961	318	1
962	152	1
963	255	1
964	326	0
965	326	4
967	30	1
969	326	2
970	326	3
970	314	2
971	18	1
972	100	-1
973	326	2
973	71	1
975	351	1
976	326	1
978	294	1
979	234	1
979	3	1
980	318	1
981	49	1
981	353	1
983	255	1
984	48	1
984	379	1
985	255	3
985	87	1
987	326	2
989	144	1
991	30	1
991	361	1
991	326	1
991	18	1
992	255	1
993	326	1
993	57	1
994	31	1
994	164	2
994	221	1
994	6	1
994	87	1
995	326	2
996	326	2
997	258	-1
998	87	1
1000	326	4
1001	71	1
1001	74	1
1002	87	1
1002	312	-1
1002	326	2
1002	224	1
1002	270	-1
1004	120	1
1005	326	-2
1005	115	2
1006	262	1
1007	252	1
1008	326	4
1009	167	1
1009	326	2
1011	63	1
1011	37	1
1012	326	2
1013	312	1
1014	99	8
1014	209	1
1014	106	1
1014	326	3
1014	181	-1
1015	335	1
1016	87	1
1017	164	1
1018	326	1
1019	326	2
1020	71	1
1021	326	3
1021	93	1
1022	206	1
1023	164	1
1024	206	1
1026	318	1
1027	71	1
1029	164	0
1029	357	2
1031	326	6
1032	343	1
1032	307	1
1033	326	1
1034	382	3
1035	326	1
1035	280	1
1036	373	1
1036	283	1
1036	57	1
1036	30	1
1036	326	39
1036	37	2
1036	99	1
1036	87	1
1036	3	2
1037	326	1
1039	280	1
1040	314	2
1042	255	2
1043	145	1
1044	71	2
1045	326	2
1048	326	0
1048	87	1
1049	280	1
1049	326	2
1051	326	2
1051	280	1
1051	234	1
1051	109	1
1052	87	2
1053	206	2
1054	87	1
1055	240	1
1055	3	2
1056	326	6
1057	164	2
1059	332	1
1062	66	1
1064	99	2
1065	37	2
1065	322	1
1065	326	4
1067	326	4
1068	56	1
1068	19	1
1069	326	10
1069	40	1
1070	163	1
1072	312	1
1073	326	2
1074	326	1
1075	139	1
1077	242	1
1077	326	1
1079	35	0
1080	87	1
1081	164	1
1081	87	-1
1082	164	1
1083	326	3
1084	157	1
1084	328	1
1084	330	1
1084	49	2
1085	89	1
1086	326	1
1086	144	1
1087	132	1
1087	206	1
1088	71	1
1089	326	1
1090	255	-1
1090	22	1
1091	164	1
1092	75	2
1092	13	1
1093	326	1
1094	326	1
1095	49	1
1095	67	1
1095	7	1
1095	205	1
1098	326	1
1099	326	1
1099	40	1
1100	326	3
1100	4	1
1100	85	1
1101	326	2
1106	326	1
1107	326	2
1108	305	2
1109	326	2
1111	369	-1
1112	395	1
1114	105	1
1116	49	2
1117	167	1
1118	330	-1
1118	70	1
1119	326	1
1119	164	1
1120	326	1
1121	326	1
1122	87	1
1122	47	1
1122	30	1
1122	164	1
1122	71	1
1123	30	1
1124	326	2
1125	326	1
1126	139	2
1129	332	1
1130	31	1
1131	87	1
1131	361	2
1133	192	1
1134	326	1
1135	258	1
1135	373	1
1136	206	1
1136	317	1
1136	333	2
1137	326	1
1137	90	2
1138	326	1
1139	266	1
1139	139	2
1139	49	0
1140	206	1
1141	37	1
1141	326	1
1143	164	1
1145	37	1
1145	326	1
1146	326	2
1147	206	1
1147	332	2
1147	139	2
1148	13	1
1150	326	1
1151	326	1
1151	206	1
1152	13	1
1152	326	1
1153	105	1
1153	326	1
1154	326	1
1154	57	1
1155	382	1
1156	401	1
1156	326	1
1156	253	2
1157	9	1
1157	333	1
1158	326	1
1160	322	3
1161	87	1
1162	326	1
1163	326	1
1167	151	1
1167	326	1
1168	283	2
1169	164	1
1171	200	1
1171	158	1
1171	314	1
1172	155	1
1172	353	1
1173	326	7
1173	356	1
1173	141	1
1173	150	1
1174	224	1
1175	164	3
1175	326	15
1176	294	1
1176	326	1
1177	326	3
1179	326	2
1180	25	1
1181	294	1
1181	22	1
1183	309	-1
1184	347	1
1184	326	1
1184	3	1
1185	326	1
1187	151	1
1187	357	5
1187	164	1
1189	326	3
1190	164	1
1191	47	2
1192	206	1
1193	326	1
1194	326	1
1195	382	2
1196	3	-1
1197	87	1
1199	314	1
1199	71	1
1200	326	2
1201	318	1
1203	396	-1
1203	164	-1
1204	294	2
1206	326	1
1207	326	1
1208	326	1
1209	102	1
1210	326	1
1211	369	1
1212	272	1
1212	164	1
1213	164	1
1213	328	1
1213	388	1
1214	326	1
1215	326	2
1216	326	1
1217	71	3
1218	206	1
1223	156	1
1223	379	1
1223	164	1
1224	326	1
1225	3	1
1226	272	1
1226	246	1
1226	256	1
1227	326	4
1228	326	1
1229	258	1
1229	326	1
1229	87	1
1229	356	1
1230	22	-1
1231	326	1
1232	326	2
1233	164	1
1234	326	5
1235	326	1
1235	99	1
1236	382	-1
1237	87	1
1238	326	1
1238	155	0
1238	353	1
1239	326	2
1239	102	1
1239	312	1
1240	13	1
1242	333	1
1242	255	2
1243	176	1
1244	255	1
1245	396	1
1245	164	-1
1246	326	2
1247	408	1
1248	278	1
1249	110	2
1250	255	-1
1251	251	3
1252	206	1
1253	347	1
1254	326	1
1255	206	-1
1255	13	1
1256	90	1
1257	71	1
1257	314	1
1258	105	3
1259	326	-1
1260	164	1
1261	326	1
1262	11	1
1264	198	1
1265	99	1
1265	326	-1
1266	312	1
1267	326	1
1268	326	1
1268	57	2
1271	164	1
1272	326	3
1273	164	1
1273	206	1
1273	238	2
1273	373	1
1275	20	1
1275	57	2
1275	43	1
1275	372	1
1275	206	1
1276	280	1
1277	164	2
1278	164	1
1279	408	1
1280	244	1
1280	164	1
1280	114	1
1280	206	1
1281	326	1
1281	377	2
1281	175	1
1282	384	1
1282	124	1
1284	206	1
1284	255	1
1284	279	1
1285	164	1
1286	326	3
1287	351	1
1288	164	2
1290	71	1
1291	371	1
1291	10	1
1291	206	5
1291	159	4
1291	164	1
1291	394	1
1292	351	1
1294	255	1
1294	294	1
1295	326	2
1295	178	1
1296	326	1
1298	326	1
1300	74	-1
1300	164	1
1300	283	1
1300	228	1
1300	34	-1
1300	14	-1
1302	47	1
1303	13	1
1303	326	3
1303	105	1
1303	37	1
1303	99	1
1303	405	-1
1305	87	1
1306	49	1
1306	330	1
1307	326	3
1307	115	1
1308	164	-1
1308	347	1
1309	384	1
1310	71	1
1312	326	1
1313	56	1
1313	71	1
1313	18	5
1313	125	2
1313	49	1
1314	40	1
1315	326	3
1316	326	1
1317	326	1
1317	188	1
1318	329	1
1318	326	1
1318	206	1
1319	176	1
1319	326	1
1320	169	1
1320	60	1
1322	326	2
1323	83	1
1324	318	1
1325	45	2
1325	305	1
1326	201	1
1327	180	1
1327	75	3
1329	314	1
1329	258	1
1330	333	1
1330	132	1
1330	272	1
1331	326	1
1332	132	0
1333	352	1
1336	9	1
1337	87	1
1340	162	2
1340	201	1
1340	70	2
1341	326	2
1342	326	1
1343	326	1
1343	164	3
1343	206	1
1346	347	1
1346	47	1
1347	326	1
1348	326	1
1348	201	1
1348	164	1
1350	326	4
1351	125	1
1351	71	2
1352	326	2
1353	4	1
1353	326	2
1353	87	2
1355	347	1
1355	326	2
1355	155	1
1355	47	1
1355	164	2
1355	40	1
1356	99	1
1357	326	1
1359	127	1
1362	206	1
1363	373	2
1363	258	0
1364	164	1
1364	335	2
1365	210	1
1366	206	1
1366	326	1
1367	30	1
1368	326	1
1370	326	2
1371	4	2
1371	326	3
1373	326	2
1374	326	9
1374	380	1
1374	152	1
1374	50	3
1374	356	0
1375	343	1
1375	341	1
1376	326	1
1377	326	6
1378	326	3
1379	314	1
1380	326	1
1381	367	1
1381	212	1
1382	326	2
1383	164	1
1384	280	1
1384	326	1
1384	25	1
1385	326	1
1386	326	2
1388	142	1
1388	87	2
1389	139	1
1389	4	1
1391	49	2
1391	326	1
1391	330	1
1392	326	1
1393	49	1
1393	4	2
1395	148	1
1396	326	1
1397	280	1
1397	326	2
1399	25	1
1400	47	1
1401	280	2
1402	326	1
1403	326	3
1403	71	1
1405	49	1
1406	326	1
1407	155	1
1407	353	0
1409	353	2
1409	57	2
1410	326	2
1410	314	1
1413	326	1
1414	326	1
1415	283	1
1416	347	1
1417	312	1
1418	326	5
1419	66	1
1419	255	2
1420	326	1
1422	18	1
1423	326	1
1424	326	4
1426	326	3
1426	4	1
1428	326	1
1429	326	1
1432	326	1
1433	126	1
1436	333	1
1437	3	1
1437	70	3
1437	326	1
1438	326	3
1438	37	1
1439	164	1
1439	347	1
1440	240	1
1441	325	1
1442	347	1
1442	141	2
1442	150	2
1443	326	1
1444	388	1
1444	139	1
1446	255	1
1447	326	4
1448	83	1
1448	326	0
1449	164	1
1450	326	3
1451	326	2
1451	71	1
1451	167	1
1452	314	1
1452	49	2
1452	276	1
1453	71	1
1454	326	7
1454	380	1
1454	374	2
1454	176	2
1454	331	1
1455	312	3
1455	243	1
1455	274	1
1456	164	1
1457	353	1
1458	268	1
1458	130	2
1458	326	2
1459	326	2
1460	200	1
1460	142	1
1460	358	1
1461	164	1
1461	132	1
1461	326	1
1461	246	1
1462	326	1
1463	164	1
1464	347	1
1464	326	2
1464	164	-1
1465	326	3
1466	71	2
1466	283	1
1467	280	1
1467	154	1
1467	18	1
1467	125	1
1467	194	1
1467	164	6
1467	373	-1
1467	272	1
1467	37	1
1467	234	1
1467	139	5
1467	170	1
1467	231	2
1467	266	1
1467	226	1
1467	255	1
1467	326	12
1467	361	-1
1467	377	-1
1467	312	-1
1467	206	2
1467	382	1
1467	282	1
1467	193	1
1467	330	-1
1467	5	1
1467	111	1
1467	12	1
1467	175	1
1467	314	-1
1467	220	2
1467	47	2
1467	71	2
1467	87	1
1467	93	1
1467	241	1
1467	250	1
1467	13	2
1467	286	-1
1467	31	1
1467	332	1
1467	400	1
1468	49	1
1469	312	3
1470	147	1
1471	396	1
1472	326	1
1473	326	1
1474	87	1
1475	258	1
1477	25	1
1478	258	1
1478	373	1
1479	90	1
1479	49	1
1480	326	1
1481	139	1
1482	326	2
1482	283	1
1482	29	1
1482	312	1
1485	326	1
1486	326	1
1487	326	1
1488	312	1
1490	231	2
1490	388	1
1491	326	1
1493	255	-1
1493	164	-1
1494	258	1
1495	326	1
1496	326	2
1497	326	1
1498	280	-1
1499	305	-1
1500	105	1
1500	326	1
1502	326	2
1502	195	1
1502	255	1
1502	103	1
1502	13	3
1502	58	1
1502	357	1
1503	326	2
1505	326	1
1508	71	1
1511	166	1
1511	329	1
1511	169	1
1511	324	1
1512	326	2
1513	57	4
1513	326	1
1514	326	1
1515	326	3
1515	175	1
1517	164	1
1518	49	1
1519	320	1
1520	356	1
1521	396	1
1522	350	1
1522	405	1
1524	326	1
1525	326	1
1526	384	1
1526	124	1
1527	326	1
1528	164	2
1528	49	2
1528	359	1
1528	330	1
1528	379	1
1529	151	1
1530	326	1
1531	240	1
1532	87	2
1532	268	-1
1533	268	1
1534	326	1
1535	371	1
1535	326	1
1537	314	1
1539	164	1
1541	326	3
1542	326	6
1543	282	1
1544	25	1
1546	320	2
1546	71	1
1547	164	1
1547	163	1
1548	31	1
1551	326	1
1552	348	1
1552	330	1
1552	31	1
1552	49	1
1552	71	1
1552	314	1
1554	326	4
1555	37	1
1555	326	2
1556	83	1
1557	326	1
1558	326	2
1559	330	1
1561	280	-1
1562	90	1
1562	326	4
1563	283	1
1564	266	-1
1564	139	1
1565	326	1
1567	326	1
1568	272	1
1569	326	1
1571	326	1
1573	326	-1
1574	258	1
1574	326	1
1574	0	1
1574	91	1
1575	103	1
1576	326	1
1578	326	0
1579	326	2
1581	262	1
1581	49	1
1581	263	2
1581	373	1
1582	237	1
1582	272	1
1584	326	4
1584	105	1
1584	268	-1
1585	277	1
1585	268	1
1585	109	1
1585	326	1
1587	326	1
1588	326	1
1589	326	1
1589	40	1
1590	201	1
1591	89	-1
1592	11	1
1592	100	1
1592	326	2
1593	304	1
1594	306	1
1596	3	1
1596	326	1
1597	95	2
1597	312	2
1599	326	2
1599	71	1
1600	237	1
1601	326	1
1602	326	1
1604	8	1
1605	326	1
1607	326	1
1608	326	1
1609	164	1
1610	326	-1
1611	326	1
1612	382	2
1613	71	2
1615	326	1
1616	268	2
1616	326	3
1617	326	1
1619	206	1
1620	326	1
1621	13	3
1624	49	1
1625	407	1
1626	57	3
1626	326	3
1628	93	1
1628	172	1
1628	39	1
1631	167	1
1632	378	1
1633	13	1
1633	312	1
1634	106	2
1634	80	1
1634	326	2
1634	49	2
1635	139	1
1635	30	1
1636	87	1
1637	49	2
1638	300	1
1639	314	1
1639	330	1
1640	326	1
1641	139	1
1643	237	1
1643	49	1
1643	142	1
1643	92	1
1643	164	1
1645	164	2
1646	18	2
1646	395	1
1647	87	1
1647	30	1
1647	361	1
1648	343	1
1649	206	1
1650	326	2
1651	326	1
1653	326	1
1654	201	1
1655	49	1
1655	17	1
1655	330	1
1658	326	1
1659	71	1
1659	139	1
1659	364	1
1659	323	1
1660	139	1
1661	326	1
1663	326	1
1665	37	1
1666	382	2
1667	326	1
1668	164	1
1669	326	1
1670	315	1
1671	326	2
1672	326	2
1673	326	1
1674	40	3
1674	347	1
1675	87	2
1675	326	2
1677	110	3
1677	326	4
1677	329	1
1677	206	1
1679	326	1
1682	323	1
1683	326	2
1684	187	1
1686	77	1
1686	221	1
1687	360	1
1687	201	1
1688	312	3
1689	74	1
1691	326	1
1695	326	4
1696	326	1
1697	326	1
1698	57	1
1699	206	1
1699	164	1
1700	326	0
1701	312	2
1702	326	3
1703	264	1
1703	274	1
1704	99	1
1704	11	1
1704	223	-1
1705	353	-1
1705	65	1
1705	38	1
1705	191	1
1705	71	1
1705	390	1
1705	314	1
1705	375	1
1705	376	1
1707	183	1
1708	314	1
1710	326	1
1711	330	1
1711	255	0
1711	326	1
1712	47	-1
1712	255	3
1712	326	2
1713	240	1
1713	87	4
1714	164	1
1715	139	3
1718	47	1
1719	324	1
1720	71	2
1721	326	2
1723	47	1
1724	234	1
1725	326	1
1726	240	1
1727	326	2
1728	71	1
1730	266	2
1731	374	1
1732	326	0
1733	354	1
1734	326	5
1737	251	2
1737	69	1
1737	13	2
1737	326	4
1738	305	1
1739	396	1
1740	326	1
1741	326	1
1742	299	1
1743	326	1
1745	234	1
1745	3	1
1745	219	2
1745	343	2
1746	326	1
1746	93	1
1747	326	4
1748	199	2
1748	332	1
1749	340	1
1749	326	3
1750	255	1
1750	326	1
1752	326	1
1752	8	1
1753	326	8
1753	105	1
1754	255	3
1754	196	1
1756	224	1
1756	47	1
1756	4	1
1756	206	1
1757	326	3
1757	241	1
1758	330	1
1759	282	1
1760	237	1
1760	326	2
1760	319	1
1761	280	1
1762	196	2
1762	333	1
1763	268	1
1765	5	2
1766	326	1
1768	326	3
1769	175	1
1769	377	1
1769	297	1
1770	164	1
1770	255	1
1770	47	1
1771	49	1
1771	359	1
1771	330	1
1772	3	1
1773	206	1
1775	326	2
1776	326	1
1777	314	2
1777	46	1
1777	71	2
1777	112	1
1778	288	2
1778	164	1
1780	326	1
1782	268	3
1782	326	1
1783	280	4
1783	326	3
1783	224	1
1785	283	2
1786	155	3
1786	353	1
1786	165	1
1788	220	1
1788	343	1
1788	25	0
1788	326	-1
1788	221	1
1789	164	2
1789	326	1
1790	326	6
1793	49	2
1793	71	1
1794	132	1
1795	99	1
1795	326	1
1795	380	1
1796	326	4
1796	49	1
1797	164	1
1800	391	1
1801	326	1
1802	326	3
1803	326	1
1804	31	1
1805	326	1
1806	259	1
1806	57	1
1806	326	1
1809	154	1
1809	240	1
1809	326	0
1809	146	1
1811	392	1
1813	326	1
1814	326	1
1819	326	3
1820	353	-1
1822	326	1
1822	14	1
1823	326	1
1824	115	1
1826	326	1
1827	326	1
1827	182	1
1828	206	1
1829	286	1
1831	357	1
1831	164	-1
1832	221	1
1834	87	1
1835	353	1
1835	330	1
1836	330	1
1836	138	1
1836	359	1
1837	37	1
1837	326	4
1839	71	1
1840	305	1
1841	326	3
1842	30	1
1843	97	1
1844	312	-1
1845	233	-1
1846	326	1
1847	326	3
1850	326	2
1851	326	1
1852	71	-1
1852	339	1
1852	18	1
1852	314	1
1853	326	1
1854	326	1
1855	326	2
1857	326	2
1857	40	1
1858	326	1
1859	311	1
1860	326	6
1860	115	1
1861	201	1
1861	71	-1
1862	373	1
1862	258	1
1863	326	3
1864	132	1
1865	266	1
1865	49	1
1866	326	2
1867	326	1
1868	325	1
1869	71	1
1871	326	4
1872	326	2
1873	314	2
1873	383	1
1874	201	1
1874	283	1
1875	18	1
1876	326	2
1876	250	2
1877	330	1
1878	361	1
1878	87	1
1880	374	1
1880	380	1
1880	176	2
1882	13	3
1883	164	1
1885	326	0
1887	326	-1
1888	87	1
1888	250	1
1888	326	1
1889	326	1
1890	13	1
1891	282	1
1892	132	1
1892	326	2
1892	87	1
1892	9	1
1894	244	2
1894	71	1
1895	71	1
1895	167	1
1895	23	1
1896	164	1
1896	155	1
1896	259	1
1897	280	1
1897	326	4
1898	326	2
1898	85	1
1900	161	-1
1901	280	1
1903	343	1
1904	87	1
1904	164	1
1904	15	1
1904	109	1
1905	23	-1
1906	37	1
1907	206	1
1909	326	1
1910	110	1
1910	326	2
1912	13	1
1913	90	1
1913	326	1
1914	245	1
1914	294	1
1914	5	1
1914	292	1
1915	206	1
1917	326	4
1918	139	2
1920	255	2
1920	22	2
1920	294	2
1922	326	1
1924	407	1
1925	4	1
1925	326	1
1927	326	1
1929	326	3
1929	380	3
1929	206	1
1930	161	1
1930	347	1
1930	206	2
1931	266	1
1931	49	1
1932	72	1
1933	347	1
1934	326	5
1935	280	6
1935	40	1
1936	326	5
1937	326	1
1938	266	1
1938	47	1
1939	399	1
1939	402	1
1940	326	1
1941	229	1
1941	314	1
1941	71	1
1942	326	1
1943	295	1
1944	326	2
1945	326	1
1945	384	1
1946	326	1
1947	144	2
1948	330	1
1948	47	1
1949	50	1
1949	330	1
1950	71	1
1950	305	1
1950	330	1
1952	37	1
1952	326	5
1952	356	1
1953	155	1
1953	87	1
1954	201	1
1954	1	-2
1954	133	1
1955	329	1
1956	164	1
1957	396	-1
1959	71	1
1960	326	2
1961	326	1
1962	326	1
1964	355	1
1964	225	1
1965	49	2
1967	274	1
1970	258	1
1971	3	1
1971	326	1
1971	164	1
1972	274	1
1972	264	1
1972	3	1
1972	153	1
1973	164	1
1974	326	2
1975	326	4
1977	206	1
1978	330	1
1978	329	1
1978	334	1
1979	60	1
1980	326	1
1981	206	1
1981	326	2
1984	326	1
1985	326	1
1985	201	1
1986	362	1
1987	326	2
1988	125	1
1989	185	1
1989	326	1
1990	326	1
1992	57	1
1992	326	7
1992	306	1
1993	322	1
1993	326	3
1994	71	1
1996	73	1
1997	164	-1
1997	396	-1
1998	326	1
1999	326	10
1999	8	1
1999	322	1
2000	326	3
2001	49	1
2001	285	1
2002	326	2
2003	326	1
2004	326	0
2005	326	2
2006	326	4
2007	305	1
2008	164	1
2008	293	1
2010	326	4
2011	326	1
2012	206	1
2013	326	5
2014	71	1
2015	354	2
2016	164	2
2016	172	1
2016	347	0
2020	326	1
2021	326	1
2024	389	-1
2024	79	1
2024	164	1
2024	49	1
2025	351	1
2026	71	1
2027	313	-1
2027	3	1
2027	233	1
2028	255	1
2029	196	1
2029	255	3
2030	321	1
2030	371	1
2031	326	2
2032	326	1
2033	272	1
2034	312	1
2035	154	1
2036	49	1
2037	326	1
2039	3	1
2040	326	1
2043	326	0
2043	105	1
2044	169	-1
2044	205	1
2044	60	-1
2045	398	1
2047	305	2
2050	343	1
2051	326	7
2052	326	1
2054	326	4
2055	357	1
2056	326	1
2057	258	1
2057	325	1
2058	326	2
2060	374	2
2061	318	1
2062	343	3
2063	255	1
2064	30	1
2065	312	1
2066	139	3
2067	13	1
2068	105	1
2071	47	2
2072	164	1
2072	311	1
2073	125	1
2074	87	1
2075	57	1
2075	132	2
2075	333	1
2076	374	2
2076	326	3
2076	176	2
2077	47	1
2078	326	5
2078	21	1
2080	326	4
2081	206	2
2081	25	1
2082	3	1
2083	326	1
2083	356	0
2085	70	1
2087	326	-1
2088	25	1
2089	326	2
2090	353	1
2090	155	1
2090	178	1
2090	326	4
2091	210	2
2092	132	2
2093	326	2
2094	109	1
2094	23	1
2095	57	3
2095	326	3
2095	85	2
2096	326	1
2097	206	1
2098	134	2
2099	356	-1
2099	326	1
2101	326	-1
2102	280	3
2103	71	1
2103	49	1
2103	204	1
2104	30	1
2106	280	1
2106	87	1
2106	326	1
2107	326	6
2108	326	2
2109	164	-1
2109	30	1
2110	326	7
2111	314	1
2112	357	1
2112	151	2
2113	326	4
2114	326	1
2116	314	1
2117	326	2
2118	71	2
2120	164	1
2121	272	1
2122	34	1
2122	228	1
2123	87	1
2126	30	1
2127	326	1
2128	132	1
2129	326	2
2131	49	1
2132	37	1
2132	326	1
2133	74	1
2133	326	0
2134	221	1
2135	326	1
2136	247	1
2136	28	1
2136	201	1
2136	71	2
2136	371	1
2136	70	1
2136	391	-1
2136	56	1
2136	5	-1
2136	132	2
2136	141	-1
2136	305	1
2136	164	1
2136	109	1
2136	255	1
2136	172	1
2136	196	1
2136	202	1
2136	285	1
2136	326	6
2136	329	1
2136	185	1
2136	13	1
2136	335	1
2136	283	-1
2136	95	1
2136	268	-1
2136	49	-1
2136	18	1
2137	361	1
2138	337	1
2138	330	-1
2138	142	1
2138	365	-1
2138	393	1
2138	11	1
2138	273	1
2139	128	1
2139	231	1
2139	71	2
2140	49	2
2141	255	2
2142	347	-1
2142	164	1
2143	49	1
2144	139	1
2146	13	1
2147	361	1
2148	379	2
2151	326	2
2152	250	1
2152	326	1
2153	326	1
2154	326	1
2154	240	1
2155	326	1
2156	105	1
2156	326	1
2157	326	0
2157	13	1
2158	326	2
2161	99	1
2162	326	3
2163	74	1
2164	115	1
2164	326	4
2165	326	1
2166	249	2
2167	326	1
2167	139	5
2167	164	1
2168	13	1
2169	326	1
2170	326	1
2170	356	1
2171	37	3
2171	326	2
2174	240	1
2174	154	1
2175	379	1
